53.87523155127343
12.327003198338872
10.637423700751578
15.458029271688298
38.599899560930794
18.85852704108299
14.076230250064246
7.701096759629262
14.574609232717448
11.874743324008723
5.316872412158235
4.9966504191473335
25.69806223383226
9.647280945740611
8.414689478114447
7.695619448260781
19.03419341414325
9.056544086091177
7.687638192075301
28.537976253234163
48.584245404359685
48.45602773526883
16.34175258951942
14.094262069285755
21.92320458743161
10.656970623347036
6.37639390958467
4.798794862110352
29.266675782462492
37.09328506886265
23.533874888352884
20.788785336037982
10.008117580378418
7.231734382189238
13.97517437875057
45.588385189014005
24.581279089808923
5.408603642159519
14.163127178778762
3.609673474411324
24.20868693758355
17.71995007649867
9.893883733122621
6.693688471171146
36.7976771372883
18.79799006274817
18.19627519380161
5.35612204583014
37.278108108069034
12.901455290622103
24.619355141223846
57.3753878942157
19.129365330367353
10.271885940915912
2.8602315252437553
13.196131871023473
3.9294685294163623
2.7326127725458873
41.2387789716826
11.74919153606941
9.285884452728844
103.34290152499679
10.567685827384448
22.15873692101709
