1.047273666340799
55.08525896431836
67.80904131597615
80.13573490449308
95.6511337549555
134.75886024944634
154.68529576805713
169.26893373953567
178.76686664728564
194.14813420470645
208.4364271785832
215.49941516753736
220.672704338302
247.0116070523335
256.6759119327789
265.37042623553947
275.1206813068731
295.75856652576783
305.67608153081767
313.99630822985586
343.12365897413486
391.9742112027383
444.17230729431327
461.69293404094077
476.27311061135794
498.50146323514207
510.02798484151674
517.9398651995855
523.7101072368215
556.4003221391864
593.6267082196549
617.7267515637353
638.9911964045311
649.5616974634099
657.8159383514557
672.3006195636318
719.4938203857246
747.5605897611745
753.3110818811969
768.2378633089096
771.872081664483
796.4045738010544
815.9850222152397
826.2174189275811
833.3795861530585
870.3944247578595
890.6867384521004
909.3907072794644
915.1591443574248
952.5796324830985
967.3097844767716
992.0348932231899
1049.499683828093
1069.5796592568574
1080.1795145549866
1083.6031002113014
1098.099565332554
1104.2077727197125
1108.2131958042232
1149.5569020432108
1161.3861792595249
1172.4516261585254
1275.8570184671046
1286.4387765636714
