0.16275374670413756
0.39677915331890157
1.6892698877653527
0.057369578774115304
0.5078269335600494
1.0679084775278107
0.5074077214142827
1.7968361481207165
0.8066583247033794
2.4135496498679903
1.7461155767959529
0.17663875161729337
0.6408404801992322
0.017023934704807786
0.27982482464615366
2.0546356230728406
1.6036918047514561
0.8609709189586994
0.6325885069628328
0.5893744910448575
0.26630682424373475
3.74206835630617
1.1788741571080479
0.48591450113138634
0.30514803635255205
0.8695509830276151
1.535486448484086
0.9714471751256717
3.423539119902401
0.13310101160585575
0.5661684557275102
0.47565950475777186
0.5623834785003083
1.0225065058566187
0.5095068334255046
1.6048156330787293
3.4854902856410135
0.34188847786283816
0.763654248934003
0.024544881162050558
0.323805198987813
1.86049833768665
0.33851297921873424
0.46847875430633934
0.2171614675126392
1.4943236314926907
0.5076936335624467
0.4123150321301452
0.14238001760465835
1.8286967030509729
0.10575360519438703
0.08940271068762229
0.9506100983968011
0.3279693572133624
0.5633541310711294
1.300333250229059
2.1787388577421467
1.2728103119646619
0.10492726730500834
0.08008568024465035
1.7795624462716404
0.062490783582511256
0.014072269182399566
